MESH:
Number of nodes: 4
Number of elements: 3
Node 1: x = 10
Node 2: x = 30
Node 3: x = 20
Node 4: x = 0
Element 1 connectivity: 4 1
Element 2 connectivity: 1 3
Element 3 connectivity: 3 2

PROPERTIES: 
Young's Modulus: 1e+07
Height: 1.339 in
Width: 0.5 in

CONSTRAINTS: 
Number of DOFs specified to be zero: 4
DOFs specified to be zero: 1 5 3 4 

LOADS: 
Number of point loads: 1
DOF 7: magnitude = 5 lbf

Element 1 stiffness matrix:
            7            8            1            2
--------------------------------------------------------
 7 |   1.2004e+04   6.0018e+04  -1.2004e+04   6.0018e+04 
 8 |   6.0018e+04   4.0012e+05  -6.0018e+04   2.0006e+05 
 1 |  -1.2004e+04  -6.0018e+04   1.2004e+04  -6.0018e+04 
 2 |   6.0018e+04   2.0006e+05  -6.0018e+04   4.0012e+05 

Element 2 stiffness matrix:
            1            2            5            6
--------------------------------------------------------
 1 |   1.2004e+04   6.0018e+04  -1.2004e+04   6.0018e+04 
 2 |   6.0018e+04   4.0012e+05  -6.0018e+04   2.0006e+05 
 5 |  -1.2004e+04  -6.0018e+04   1.2004e+04  -6.0018e+04 
 6 |   6.0018e+04   2.0006e+05  -6.0018e+04   4.0012e+05 

Element 3 stiffness matrix:
            5            6            3            4
--------------------------------------------------------
 5 |   1.2004e+04   6.0018e+04  -1.2004e+04   6.0018e+04 
 6 |   6.0018e+04   4.0012e+05  -6.0018e+04   2.0006e+05 
 3 |  -1.2004e+04  -6.0018e+04   1.2004e+04  -6.0018e+04 
 4 |   6.0018e+04   2.0006e+05  -6.0018e+04   4.0012e+05 

Global stiffness matrix:
            1            2            3            4            5            6            7            8
----------------------------------------------------------------------------------------------------------------
 1 |   2.4007e+04   0.0000e+00   0.0000e+00   0.0000e+00  -1.2004e+04   6.0018e+04  -1.2004e+04  -6.0018e+04 
 2 |   0.0000e+00   8.0024e+05   0.0000e+00   0.0000e+00  -6.0018e+04   2.0006e+05   6.0018e+04   2.0006e+05 
 3 |   0.0000e+00   0.0000e+00   1.2004e+04  -6.0018e+04  -1.2004e+04  -6.0018e+04   0.0000e+00   0.0000e+00 
 4 |   0.0000e+00   0.0000e+00  -6.0018e+04   4.0012e+05   6.0018e+04   2.0006e+05   0.0000e+00   0.0000e+00 
 5 |  -1.2004e+04  -6.0018e+04  -1.2004e+04   6.0018e+04   2.4007e+04   0.0000e+00   0.0000e+00   0.0000e+00 
 6 |   6.0018e+04   2.0006e+05  -6.0018e+04   2.0006e+05   0.0000e+00   8.0024e+05   0.0000e+00   0.0000e+00 
 7 |  -1.2004e+04   6.0018e+04   0.0000e+00   0.0000e+00   0.0000e+00   0.0000e+00   1.2004e+04   6.0018e+04 
 8 |  -6.0018e+04   2.0006e+05   0.0000e+00   0.0000e+00   0.0000e+00   0.0000e+00   6.0018e+04   4.0012e+05 

Global stiffness matrix with constraints imposed:
            1            2            3            4            5            6            7            8
----------------------------------------------------------------------------------------------------------------
 1 |   1.0000e+30   0.0000e+00   0.0000e+00   0.0000e+00  -1.2004e+04   6.0018e+04  -1.2004e+04  -6.0018e+04 
 2 |   0.0000e+00   8.0024e+05   0.0000e+00   0.0000e+00  -6.0018e+04   2.0006e+05   6.0018e+04   2.0006e+05 
 3 |   0.0000e+00   0.0000e+00   1.0000e+30  -6.0018e+04  -1.2004e+04  -6.0018e+04   0.0000e+00   0.0000e+00 
 4 |   0.0000e+00   0.0000e+00  -6.0018e+04   1.0000e+30   6.0018e+04   2.0006e+05   0.0000e+00   0.0000e+00 
 5 |  -1.2004e+04  -6.0018e+04  -1.2004e+04   6.0018e+04   1.0000e+30   0.0000e+00   0.0000e+00   0.0000e+00 
 6 |   6.0018e+04   2.0006e+05  -6.0018e+04   2.0006e+05   0.0000e+00   8.0024e+05   0.0000e+00   0.0000e+00 
 7 |  -1.2004e+04   6.0018e+04   0.0000e+00   0.0000e+00   0.0000e+00   0.0000e+00   1.2004e+04   6.0018e+04 
 8 |  -6.0018e+04   2.0006e+05   0.0000e+00   0.0000e+00   0.0000e+00   0.0000e+00   6.0018e+04   4.0012e+05 

Global load vector:
 1 |   0.0000e+00 
 2 |   0.0000e+00 
 3 |   0.0000e+00 
 4 |   0.0000e+00 
 5 |   0.0000e+00 
 6 |   0.0000e+00 
 7 |   5.0000e+00 
 8 |   0.0000e+00 

Solving Kq = F...

Nodal Displacements:
 1 |   1.1429e-29  -1.4281e-04
 2 |   2.1429e-30  -7.1429e-30
 3 |  -8.5714e-30   3.5704e-05
 4 |   3.0943e-03  -3.9274e-04
